3862661670678085717870987066944388237122304387269526457922502763481789248860331275352261208057669164
1517868212679129128437569697628487339481479931671179879332604441117749811310464231271753911981329815
5652888646684190415364978127763413446290744688552145526181682739369336578751415740705781506753128360
9939702491483692118848754199274930671713112463785536324065963870335246678963763726482884525850924546
3261628061115821684679287147467221355491828133113579137677847720575322155098493294386926314045368530
7556767764921797189825375288966553572944168139416932806582497487523624682943471536837991705466616948
4640328312687686856934686335482475418948464312408116998373542665883885409969358775724793145487879242
8453519557131297142015388318388152178759788935106322381641363398323530669729965323943162539935982925
3899269826564560913546201679307782311023835054961618183545477865849227475213388513361784813177226484
1284426255741812575847706824989369827790814863999436844435832394788125212563539120887592164845927156
6836465168847368959761624480787018102172119977577145973059431120917687398949354150805886656895886192
1475145269922537744884255238271464573139129329171919649380642046696382147993799846294090759711128069
8091997249927394984480954720871455522683349717912972398086312742835749443356665382482770211460511847
4094288043249451905196972256338538845989894675484091779529152488845248714813412738105398446631452749
6584992550161977329070291742471996539759965615561946451723952764883866721265625250906528799610229174
9635765924179496879987567988421552916225462068141585288857989397522893298078547573475029397729471482
7422274150936784674338335855819745208012995558679665239655213652406024205910496895153225735845878018
1360273762925479234268439920755020342265145282909184382866674188636194138055236489573267753294522544
5298545679472991194588789818975821977958358236852846851074693762121156169170679638669072888470996698
6983749820947845361026711426872276961566873595459130727538288337894212511345885495605374741742741671
6437581811556936578651885151563498417698102392527424865717586333273412455871719039268696446389827883
3362473217918744242090592361309077901789943455782980437866148266648980659885934632858133637318495144
6113526826795589481745557853413949595545184813243799543895719493797986999277998420817082138098499724
9178474344273874236348998446561650555630624795853853423030801293117998325238448011523276592738412886
2290535123997064967921551968216067658445409994693229553190459426193113793462729654714541266069245934
2017215787896792233896119857831857979373128628619899209359618756274212389287542448224982986658326139
2616973927872382897268545056261255809457468611564042507616608683428833547856638095942615223538196911
3578136127653214578726569672177757481990592677591569289624693855367864437951118494481241313526478573
3077733112537633455530954533667021728173267198791570473693644722792620675151741169977142726886693399
7989721755889934583434496640385841217670909460871958204690163912251232776292637160502482356435801237
4344677845349011308996708160703385696392217086873042216245284096206590258140362787618397985785133588
1663948135315235754976659847485798654212861453479675446173556166202074685096856969565386539951174781
9019619032873712735187259368223033138155271589857483592777947050961939956910471733132363366515207647
1081199643221597503889534134441446152839311617824499217950604416593594616887444297271961504964902858
3513646064406186477197267370951798322470791895224252762592125520273235331167782523274059727345755511
1940361228476632273390555912535111452026284034718792218543186839125462226733975080852947318677315297
7727791885934945536782586173364954507447429356986334453713376019457998214560224675647962282411485066
5275774682426257646087565376646163602811466411811488752392381364565710913652455192714262179759161883
7435471977837069484732618399688798398976227259889762376278968211148774755789685747677161307169807120
8484796888617050711686915423611427858895888289867251451846209998658497353429475094436575972760651597
9562474943595465964882979110467484769832929243455225443337543292742532458220438344447378746438973561
5752314110579690614322623921849521987058302413735124696965198972574220101236536837503277578441372250
1795788424259582389941728769764359299863956232401938318976315442397796269915634475189474153432659777
4413406851988583187497277028847320565813538518783130905022938376332979177749414239671946437478861738
9914602988716232553674697176996355711126504841874972648972923052924698765678913028303334336651136255
8290499733893894227774204164628029561191944681837498331268445743467015584077473130826665529438124478
9366916676502624786475467960863969882178683776807411874339766530756884964647928276519561527818104092
6467854487465222485484523091977622727613418292788637178197757574582429929317638834521948977710316993
4482927992519850186256977232745384345690606096722086531054827142827933438246692165795834519794345723
4452829688371912886797966117641913707081833387486345953444304784573387752523204134945283288563616283
6650105875156842441099586533115841491220715847628670906818434775141528245941117039679495769469474947
2958537393536321165334295258231365877691174728144848302347336747883420782751306576558356345232276325
2236113126655357835434109426307349842128867227685267496224313084938684668491782343225997891845173140
9995589695826524292430567748385011985956644775689886153048204946365278478127266874115995127047968957
6778267421764987182053918843852097357657942028542552479783999230168240776373878973244579398980811181
6211312859195787359057223468856891998572703976787612113013477557312592324332796180649372896385595612
9273487579741136433318339175612421711714592542706663984164197341158579107766861965796283776191303258
5365467161448479941154418511323270921094225474371789631584748077346244505540411486383952622611392656
6727903086229749211574492370802436775224961449138766441574925170952685168128405361426255503655228626
9476379758826136254926204095771545134896918530306459918946529576252855207010316845797319383336238119
8625478316538853954296644136621618921731314753886082709135628666772434723415175256933566589145388816
7680878629212724993853699851726842313111837212593561791333939428313465345172957011748381604919144243
9222325077293421246963938233392536878953543498347585636865758232255836806138152828598644119051333576
8231716022325385335337494423219482716529213368456239424498235436539412701787553796748147617642408971
7680682273494374208320444276615676982495957035209428598939498255372019764398423058677950265283133333
2973594860526794534936414235591350129337935069903596799734653474778617695363328877203631582553209789
3072614724641394181356893786507513256826503174205644809856458833101289871745833173478682919788499139
8470877213693215592997838966106154935322131490453673239333714374634959231625451721424464376248879726
6269924941155031744872808299524753388660344143401429574825539674184082729663881349425053982620937836
8165563974203846339987969893737383496765721241237469955945672455388213299793852086128133733151248022
1417829355114427959042518359284830261946226953594458552291314539322170462378621753816912442792181378
8291703492332395306974154689381079639134553991122188361795859552215694603142302170448273567119772321
8782519253616723478616923973559061469281747089186559381333315758248378166288699879538340163351735457
1044466893852264775264953866248915209877126850157747356110639116184633378434101969965819883342597145
2358563956976426776021796599511115346143486633457285377891263967126176548571723589785488137920854123
6275744398422413155859634318534476161543126052485451345742121539613082567840623997143692134996864528
4595633034492951688748607134608816651652749163729972519395444512546576149660847079935744216475685160
3721138975739242851921937368713328349511212041819368267462832157627930345310883550376299931648678397
9739467229294936701979172617387291565752342563626114135913921449474949768255384764694631642983703069
7237765986342794549518433256463962156534737149922168764867911773877180168983333789573321702122616292
5814885019421593608624983699702533632115496842651075443038556474183461187432781699478866592234297653
2057658473223786426575754843774995476666521378716930926361966574133251787287504948323424875987521184
4739348289612640491097299590409992233369631421574830708534199087727569676618478843378350867022504842
2336633520192453972456223434263060433419245824228082753898389726278994343066218824218571578010642313
4256935332832697536187294628438912946184835311496162332859769727832481177548213645846550764379828047
8753949268543282557751384724152351664551725653185894981628891597147056151523403597185367101174654620
3996168727687028661936913651232171685061932881888754266272697760951875981552608113341992421672813135
2856389516603656584623123342229245868951126334234949982271863434148676112214253835265641715143985062
1248903583688989333896332388353139849161286672806090292225128916355952904485776540124427755199542327
4929891234461594639330453159932110325248736818477389933721812967588713339197786125767194192475661896
1640158786502176452689765099994659757311977631778698366181513978126396684137345636443253179312926885
4239228920934641821026221582546886993164784974544487647198821274729751539713829040905748144963488610
1196902149689616834847801671271232479847834273998017719289514416263791775810666049681555584335312244
7876252824708277382298897174905234238670722131547956278669336860825790466778417886238416659873464973
1469918978356335669461812017737299819559134556186535947247738323926797252628955239664383327193318239
6072814058669790213890105827131312591948235734897924291169435915413480156464816944792183215424799114
7252756487201125685979598461105724392469407525467273128283964078482664179675725863673061233079977461
3695201925204376323234925144855726878043527529794960821856276569141959373013894167672051572045681285
1153152265987527264227115874938483622854194655673318696991507666133248438735156838205551469274933768
1317944723779364741838258624471853662478968161926625707872992527851037873368213333729395318068904324
1836463661544623482247517730806935488754942655326773165335596071936696244397719765136890728093633191
9854847141278733702849849145714010137223465342834739554666304347262116485857898711836232255118124325
8389476469429979506864399253132033899036929551903295234127619086558479381517423874867992921192551052
3268226868235965719392172645286031424167495332895159977685841195571678175071136264366683685081647843
4110165713543476271279241142638750398781332482739949333485842465451410947671885683763140596151798387
1327832663368199992877468637138744398524439928524375303527267886726848702254977968857536339046545254
7163437949681383673676536948241759196997447916826838581997749247368971334115384327573994731058144961
9269371949311636773060881323409465992992709979178413236553935254713496122783172898356441603629368570
6025942184831249364645488910984580584915119417425570433521262076849665838530696085325982709483869930
7450905228685798582428317148123048977854442067544285929798857960687649353861716416985173915178243773
1399479211412853127833917259222410138181352794431765855237782693527944437638317785119113206215313096
8515947042876040246117981073729444552715819081123161119162233622369485853216889993769524576380388476
2777467027551550855826133331652215257281204597513517501554164112811951727750182655344458209139276838
9189707850217440948598377188806719824264638890961734354137415097806581405699727159388035952427572412
8724719492692427262098394851186445805730281632354174532594285164312623482810115358499754845022327398
9632848580443069569157333468711314891257401326287198482685157533777083336138482536389978876799627485
7272146028787396235789202067271279842887256862694254194566854295107190861095466258938541246446731799
2018335593165321359990106548705974594258448227219566207880184532213665694227508996214219844436444011
8439575146766087992198659731221263526293279533989864825474447039632262122432561081962968376490704453
7849526640847419858443542231243111328143845846746546882670852352844966493028654397361719675364921148
9273263539408454576151829088901191294894766238256459554567606876555581902122338399129955449260443777
9846779116815011172851426518581518789965133961493899937516582962836112642015791037724119982489803372
2386428760955058362176235242662421939216239852375057181911291855491047244578393260973597276336897158
1111766176135630187878419048357221588343904519496930138393483676612549341158819236461197465138596097
2686622457151151708269739742215084999784398890913657847970641836494428179558154645216929375463477621
7664798570471642615096434596261598172587471817535753271296814534126346192271468382632498162442386618
9552457072817034379624601991895534471626413961842377123763538192569894949565526895266010124265722632
7966933125744359157822452263448826531341208452292932958454673290248954832166901327562757431132707079
2390841484815117927031878188688769863815852763626029855124332541398592288933275793598061597980614772
5897266170608098196615545443269478572399348168538487925270779446267154209928876313925990411221599511
5560822860755418896294798025539938861974818673395298997941885141443250741627933991316546999271421932
4025219421148014508271676391931265789053324324721620221514253420758585987925746024312938499029751048
8416522051951943298314204224294033634034104572789236591892457730829026605013152436267967489422802298
4997631457471128586639345499359870468380936476973430968447597941425563935336564028362379776447478041
2546777940579860487619467330353461982296342279248440533232279287154594479170296132816325164582536978
4935413639273854259265254036603211899018666887127993775484725791425213657683241611209863925899735778
6947691520793943879391414029434111413190762684275686246281723147863619681517543284717384656233531477
8411369845437212215180839684581198905093168514599075643437864285525626428920332281993178275180292199
6233323586901643226158898672614823678399491811767137803057354897181428429221986738731879281991284637
5666667011998789706080319212742370397910128595768634143637922058449674409737738486544410201457162397
7760339342754455525417132965654891657281873824688619976271998530517724195238212025164247633931395625
2336344040721088614149289613753487689081835684673525776961838189564868968920219742225372297016427660
6396284874734284759533254779185224247986947170477134326082645430964152638696925868853461882399272588
2547515394647194703146514113764460416510214160141017101438143383153336222093332329453518583640393443
5290111478551318949368418868408282718770425543428865378028848071672277333961547098904995429010579313
5990485833906770128749793471749670682335532131482959694581756071505838685093809351968964328080816462
2245437977175090384716603279767375826493136756155659509243793971321830231360441581954818166885971616
4399108677335248483328285238634281401214969052516711943510742118599153777065411559694253805941434714
5176322095126461671658443064361183684364309086253054929239441788977759775657953725584854996124353652
7094279384345863109674367545935639228968724681648068169730429122133166619694766783692751603066346380
1598214220387329422826378641987351736527905975694989916328762835451333636498429513834332285718303539
1178759895676147382472611610716726894475398274578952189167553816423063899415368110569395833056254678
1422256567421656807081855290314984841950442767629314338440222010372532695870627888974038241229221821
3893935910715761392584512011904879842416525420351933362215114427926411795674318079456382979434438618
6131582847503864843833472032955659272854828351109137383136664764699033645187461013807740985710934763
3986471840216276119263904491159557866513775885224414269565675677837111785936221832246844866438837887
9894934988168116428460541976298423351834492263244111609432447522451338905789208644373653816238601490
1860468861413028656918568163507918607137546557515219519117791993835572666766247133875599358959595358
4558642756933786919973475648644122739912523537204274404913386038546679417363952621646074362248993465
8741315550262380335511504039364446332115411622178051682943823067421459501827435883299582677260863749
9345642271575936707665208177174658661870496761142940494296252899919094732914492139669913935617353078
1277922025322868214211853183317640467113284576118756888228338928269431169573176921473089325637251687
4847412991494314626762163134909398608020984572723427464551878856245319782956345551888883896530574529
5456842190331535962441331124409351763958354697664673894389105450439810592112129088503671194725201062
1852693259453261901025691681968444767225138388492035657355307859261830695084671665814757841993736312
8662774218807216685146369854877289593768531996606619967362212360905568971477141267617126443496363024
2020715843545356939248707862389155455542687083976075797199376117517924455758455840831490532461306129
4899979138967498975293152594325956498029456485491481743213199532861016508564593191209976694725462299
3185607065151180288781277938585021908917713816863076968214657881513856514666912163713424356893424472
6046148031905947837664988144654686497797717835236260145262695696211342663295376353637577562569291455
8966157265694457126136276910714980781370734939932467937281356664324795263936594091541097602549347425
3036968748427326537421386845375928176958408840634925518058745644131192988113463923636733952526378827
2362521713698963594324139520357711698742149794619749268812926699337056282559425811165046322181349445
7626722359393998688533894268555149623247524924569684651051649641785136688090784215452270581375762459
9548167421846555976125762844546722617096759670703580225976151540459164724431779318346863532666251451
9327221774856244405476528837792282906229444496823221471865561231728399831063438664642861248153184336
9465146897361092173534616823751093607091179517973835159612285028994924831844844099331619936387564281
3665952480412936105947418450248761425562414538848710991692892140661573927842195152388229124350207427
4640279544536988176550636411645634942342978561426746414935588348908379913619647725851048753876123522
7678622235301451176624955046429624926239238236176841208612198270759311554237511419158930981425225416
1986212134934251951449619323729774625290211612973163264776264450482913466196568889659532731354962497
3452204591679715697155593682714516345925981889976911227929633125886235936517562983437223354276259792
6735997080303498902317486889785480109340931110471226652752497875211651891865931477366315217256599495
5726193881232270368550615871815234617350136739801731207191544390471867561440206223155292637588243313
6859461753503763145922652052193432226365446043213737548995626158232798919046147318439531323073917983
7175534929513273733532148837444872284246334228881418989179924820615178661636508175819696705692622383
8442612037662761878331894997173212873392512186779060359751757093427235108034279212455920983130658214
4064328983623013232890886049113932804670633577681889523776958730249831933931589199111058605612535339
6094294573458583388282333647984027674533662842548329641319709132749079245782535780961075981866122967
9093817316558625588213807445726567997870134278494127259354783321181616857872302176367899752084709665
8931109996116229594952212495946649512337756995954562964150161695377568443928567961689787994388606256
5055512112968243901865672354239641482474646941476446625781582959768286481078111069211771887482253065
5365591859445112989886175458507944603030366952632750371592882780672113942683678016933418769726623142
2676135012312941363811931526573415267691415621295125784124553451942181785996109147818567925753246690
3515627325239528983546144195295431771074129627131269504914524128158762476422705553823635309899923493
8330544490835842377473718880685980676760796117325492109184595521338796953743458452593095667779161683
1181725629954029552154649669871292408962988010666074368460907183149343567437642741123696858593188851
5867238954344190684772326377476255806737849758732737113673746246385067685350598346438110222113974033
2196714677583377638462755632473319935767811689826576532233934959534352198039712010461751426246151924
788119644220581045448894844930982086599880901838299969997576332533524054209822306918147340684928451